Group 10,,,,,
Average similarity: 46.29,,,,,
,,,,,
Species,Av.Abund,Av.Sim, Sim/SD,Contrib%,Cum.%
26.78859155,3.31,8.76,#######,18.92,18.92
33.63655172,2.29,6.15,#######,13.28,32.19
15.45769231,2.28,6.09,#######,13.16,45.35
38.5183871,2.23,5.9,#######,12.76,58.11
19.72268293,1.46,4.17,#######,9,67.11
16.3974359,1.25,3.88,#######,8.39,75.5
20.51086207,1.13,2.55,#######,5.51,81.01
14.6988,0.83,2.51,#######,5.42,86.42
22.55076923,0.91,2.5,#######,5.4,91.83
,,,,,
Group 12,,,,,
Average similarity: 49.02,,,,,
,,,,,
Species,Av.Abund,Av.Sim, Sim/SD,Contrib%,Cum.%
15.45769231,2.89,6.63,#######,13.53,13.53
26.78859155,2.23,5.38,#######,10.98,24.51
19.72268293,2.08,4.85,#######,9.89,34.4
38.5183871,2.01,4.3,#######,8.78,43.18
16.3974359,1.79,4.15,#######,8.47,51.65
9.755306122,1.55,3.82,#######,7.8,59.45
20.51086207,1.09,2.45,#######,5.01,64.45
15.74219178,1.04,2.25,#######,4.59,69.05
17.40942623,0.94,2.15,#######,4.39,73.43
19.66514286,0.95,2.04,#######,4.16,77.59
14.6988,0.79,1.94,#######,3.97,81.56
13.7290678,0.96,1.9,#######,3.88,85.43
22.55076923,0.88,1.73,#######,3.52,88.96
19.6197619,0.97,1.67,#######,3.41,92.36
,,,,,
Group 14,,,,,
Average similarity: 35.16,,,,,
,,,,,
Species,Av.Abund,Av.Sim, Sim/SD,Contrib%, Cum.%
15.45769231,2.68,11.18,#######,31.8,31.8
19.72268293,2.52,10.49,#######,29.85,61.65
16.3974359,2.17,7.91,#######,22.5,84.14
20.51086207,1.45,5.57,#######,15.86,100
,,,,,
Group 16,,,,,
Average similarity: 40.38,,,,,
,,,,,
Species,Av.Abund,Av.Sim, Sim/SD,Contrib%,Cum.%
15.45769231,2.28,4.23,#######,10.48,10.48
19.72268293,2.16,3.59,#######,8.89,19.37
37.56363636,1.5,3.08,#######,7.62,26.99
15.538,1.66,2.85,#######,7.05,34.04
20.51086207,1.39,2.68,#######,6.62,40.67
21.57529412,1.44,2.62,#######,6.49,47.15
15.62272727,1.52,2.56,#######,6.35,53.5
14.6988,1.04,2.31,#######,5.71,59.21
8.47375,1.17,2.24,#######,5.55,64.76
17.62533333,1.14,2.16,#######,5.34,70.1
20.8027027,0.86,1.89,#######,4.69,74.79
17.40942623,1.02,1.82,#######,4.51,79.29
19.20891892,0.93,1.72,#######,4.25,83.54
19.66514286,1.17,1.68,#######,4.15,87.69
16.2865,0.69,1.46,#######,3.61,91.31
,,,,,
Group 17,,,,,
Average similarity: 52.81,,,,,
,,,,,
Species,Av.Abund,Av.Sim, Sim/SD,Contrib%,Cum.%
15.45769231,3.08,10.91,#######,20.67,20.67
19.72268293,2.57,8.92,#######,16.9,37.56
16.3974359,2.31,8.28,#######,15.69,53.25
8.061111111,2.2,7.53,#######,14.27,67.52
19.66514286,1.62,4.43,#######,8.4,75.92
21.57529412,1.35,4.38,#######,8.29,84.21
20.51086207,1.44,4.22,#######,8,92.21
,,,,,
Group 18,,,,,
Average similarity: 56.86,,,,,
,,,,,
Species,Av.Abund,Av.Sim, Sim/SD,Contrib%,Cum.%
15.45769231,2.85,8.43,#######,14.83,14.83
19.72268293,2.47,7.65,#######,13.46,28.3
16.3974359,2.36,7.02,#######,12.34,40.63
26.78859155,2.28,6.99,#######,12.3,52.94
13.79738095,1.86,5.56,#######,9.78,62.72
15.74219178,1.88,5.06,#######,8.9,71.61
19.66514286,1.56,4.54,#######,7.99,79.6
17.40942623,1.68,4.37,#######,7.68,87.28
20.51086207,1.37,4.23,#######,7.43,94.72
,,,,,
Group 20,,,,,
Average similarity: 65.73,,,,,
,,,,,
Species,Av.Abund,Av.Sim, Sim/SD,Contrib%,Cum.%
26.78859155,3.01,13.1,#######,19.93,19.93
15.45769231,3.17,12.53,#######,19.06,38.98
19.72268293,2.58,11.03,#######,16.79,55.77
16.3974359,2.45,10.67,#######,16.24,72.01
15.74219178,1.63,6.48,#######,9.86,81.87
21.57529412,1.44,6.08,#######,9.25,91.12
,,,,,
Group 21,,,,,
Average similarity: 52.14,,,,,
,,,,,
Species,Av.Abund,Av.Sim, Sim/SD,Contrib%,Cum.%
15.45769231,2.72,6.51,#######,12.49,12.49
17.40942623,2.54,5.86,#######,11.25,23.74
26.78859155,2.17,5.3,#######,10.16,33.9
19.72268293,1.85,4.22,#######,8.09,41.99
16.3974359,1.63,3.49,#######,6.7,48.69
15.74219178,1.94,3.14,#######,6.02,54.71
9.755306122,1.03,2.48,#######,4.76,59.47
21.57529412,0.85,1.97,#######,3.79,63.26
19.20891892,0.71,1.76,#######,3.37,66.62
13.7290678,0.85,1.73,#######,3.31,69.93
17.62533333,0.88,1.72,#######,3.3,73.23
20.84133333,0.68,1.72,#######,3.29,76.53
20.25794118,1.48,1.69,#######,3.23,79.76
20.51086207,0.98,1.68,#######,3.23,82.99
14.6988,0.85,1.65,#######,3.16,86.15
17.95647059,0.73,1.42,#######,2.73,88.88
19.66514286,0.79,1.4,#######,2.68,91.56
,,,,,
Group 23,,,,,
Average similarity: 62.92,,,,,
,,,,,
Species,Av.Abund,Av.Sim, Sim/SD,Contrib%,Cum.%
15.62272727,2.5,4.47,#######,7.1,7.1
15.45769231,1.79,3.42,#######,5.43,12.53
19.72268293,1.78,3.38,#######,5.38,17.91
15.538,1.79,3.19,#######,5.06,22.97
18.295,1.71,2.8,#######,4.44,27.41
17.325,1.42,2.59,#######,4.11,31.53
17.40942623,1.53,2.45,#######,3.89,35.42
26.78859155,1.34,2.09,#######,3.32,38.74
21.49942857,1.31,1.94,#######,3.09,41.83
11.84727273,1.11,1.81,#######,2.88,44.71
19.20891892,0.93,1.77,#######,2.81,47.52
20.8027027,0.92,1.75,#######,2.79,50.31
19.66514286,1.01,1.72,#######,2.74,53.05
20.51086207,0.82,1.62,#######,2.57,55.62
23.216,1.25,1.51,#######,2.4,58.02
10.471875,0.82,1.47,#######,2.33,60.35
16.2865,0.91,1.41,#######,2.24,62.6
13.18133333,0.74,1.38,#######,2.2,64.8
14.05666667,0.68,1.35,#######,2.15,66.94
12.39733333,0.69,1.34,#######,2.14,69.08
23.07416667,0.72,1.33,#######,2.11,71.19
19.97269231,0.64,1.24,#######,1.98,73.17
15.74219178,0.72,1.2,#######,1.9,75.07
22.76894737,0.8,1.05,#######,1.67,76.74
9.915,0.63,1.03,#######,1.63,78.37
14.64409091,0.56,0.93,#######,1.48,79.85
21.21238095,0.47,0.89,#######,1.41,81.26
21.82333333,0.44,0.86,#######,1.37,82.64
10.75428571,0.53,0.78,#######,1.24,83.87
14.52461538,0.54,0.77,#######,1.22,85.09
12.79166667,0.46,0.76,#######,1.21,86.31
20.25794118,0.4,0.74,#######,1.18,87.49
12.66740741,0.57,0.74,#######,1.18,88.66
24.66947368,0.54,0.73,#######,1.17,89.83
24.72,0.42,0.7,#######,1.11,90.94
,,,,,
Group 24,,,,,
Average similarity: 55.44,,,,,
,,,,,
Species,Av.Abund,Av.Sim, Sim/SD,Contrib%,Cum.%
15.45769231,2.33,4.86,#######,8.77,8.77
19.72268293,2.11,4.68,#######,8.45,17.22
26.78859155,2.67,4.11,#######,7.41,24.63
20.8027027,1.33,2.88,#######,5.19,29.82
8.061111111,1.68,2.71,#######,4.88,34.7
20.51086207,1.18,2.58,#######,4.66,39.35
19.20891892,1.17,2.58,#######,4.65,44
19.66514286,1.05,2.29,#######,4.14,48.14
21.12214286,1.09,2.25,#######,4.06,52.19
12.39733333,0.82,1.81,#######,3.27,55.46
30.80365385,1.04,1.81,#######,3.26,58.73
16.2865,0.86,1.71,#######,3.09,61.82
22.7275,0.86,1.69,#######,3.06,64.87
18.22411765,0.77,1.6,#######,2.88,67.76
19.97269231,0.72,1.56,#######,2.81,70.56
15.74219178,1.15,1.41,#######,2.54,73.1
22.76894737,0.72,1.41,#######,2.54,75.64
21.49942857,0.99,1.39,#######,2.51,78.15
13.7290678,0.65,1.36,#######,2.45,80.61
12.66740741,0.62,1.31,#######,2.36,82.96
19.86137931,0.69,1.27,#######,2.29,85.26
27.68736842,0.83,1.2,#######,2.16,87.42
13.79738095,1.07,1.15,#######,2.08,89.5
20.568,0.51,1.11,#######,2.01,91.51
,,,,,
Group 25,,,,,
Average similarity: 58.08,,,,,
,,,,,
Species,Av.Abund,Av.Sim, Sim/SD,Contrib%,Cum.%
15.45769231,3.06,9.24,#######,15.9,15.9
26.78859155,2.6,8.23,#######,14.17,30.08
19.72268293,2.36,7.56,#######,13.02,43.09
16.3974359,2.08,6.43,#######,11.08,54.17
38.5183871,1.6,4,#######,6.89,61.06
14.6988,1.31,3.79,#######,6.52,67.58
20.51086207,1.22,3.59,#######,6.18,73.76
17.62533333,1.1,3.46,#######,5.95,79.71
13.7290678,1.27,3.33,#######,5.73,85.44
37.56363636,1.47,3.14,#######,5.4,90.84
,,,,,
Group 30,,,,,
Average similarity: 51.49,,,,,
,,,,,
Species,Av.Abund,Av.Sim, Sim/SD,Contrib%,Cum.%
15.45769231,2.76,6.58,#######,12.78,12.78
19.72268293,2.55,4.78,#######,9.29,22.07
16.3974359,1.78,4.52,#######,8.78,30.85
30.80365385,1.39,3.46,#######,6.71,37.56
37.0488,1.26,2.86,#######,5.56,43.12
21.57529412,1.46,2.7,#######,5.24,48.37
20.51086207,1.01,2.4,#######,4.67,53.04
17.40942623,0.91,2.25,#######,4.37,57.41
19.6197619,0.99,2.08,#######,4.05,61.46
19.66514286,0.86,1.96,#######,3.81,65.27
17.62533333,0.77,1.9,#######,3.7,68.96
14.6988,0.8,1.88,#######,3.65,72.61
16.2865,0.74,1.86,#######,3.61,76.22
17.95647059,0.7,1.72,#######,3.34,79.56
15.74219178,0.7,1.63,#######,3.17,82.73
13.86416667,0.82,1.62,#######,3.15,85.88
15.20823529,0.72,1.54,#######,3,88.88
19.20891892,0.75,1.33,#######,2.57,91.45
,,,,,
Group 31,,,,,
Average similarity: 64.97,,,,,
,,,,,
Species,Av.Abund,Av.Sim, Sim/SD,Contrib%,Cum.%
15.45769231,3.16,6.93,#######,10.67,10.67
16.3974359,2.04,4.26,#######,6.56,17.23
19.72268293,1.72,3.58,#######,5.51,22.74
30.80365385,1.12,2.42,#######,3.72,26.46
14.6988,1.1,2.42,#######,3.72,30.18
16.2865,1.3,2.38,#######,3.66,33.84
9.755306122,0.96,2.06,#######,3.18,37.02
15.20823529,1.12,2.03,#######,3.13,40.15
20.8027027,1.05,1.99,#######,3.06,43.21
8.516153846,0.96,1.95,#######,3.01,46.21
15.74219178,1.01,1.93,#######,2.97,49.18
17.40942623,1,1.9,#######,2.92,52.1
26.78859155,1,1.87,#######,2.87,54.98
16.71571429,0.88,1.83,#######,2.81,57.79
13.79738095,0.79,1.74,#######,2.68,60.47
13.26172414,0.89,1.72,#######,2.65,63.12
20.51086207,0.86,1.7,#######,2.62,65.74
19.20891892,0.87,1.69,#######,2.61,68.35
19.66514286,0.78,1.65,#######,2.53,70.88
13.7290678,0.76,1.52,#######,2.35,73.23
12.66740741,0.68,1.45,#######,2.23,75.46
19.6197619,0.75,1.43,#######,2.2,77.66
13.86416667,0.81,1.42,#######,2.19,79.85
15.11,0.7,1.4,#######,2.15,82
16.97470588,0.69,1.39,#######,2.14,84.14
15.375625,0.67,1.33,#######,2.04,86.18
17.95647059,0.67,1.2,#######,1.85,88.03
37.0488,0.85,1.06,#######,1.64,89.67
22.59444444,0.52,1.05,#######,1.61,91.28
,,,,,
Group 33,,,,,
Average similarity: 66.50,,,,,
,,,,,
Species,Av.Abund,Av.Sim, Sim/SD,Contrib%,Cum.%
15.45769231,2.71,5.71,#######,8.59,8.59
26.78859155,2.59,5.25,#######,7.9,16.49
19.72268293,2.36,5.25,#######,7.89,24.38
20.8027027,1.61,3.39,#######,5.1,29.48
21.57529412,1.56,3.11,#######,4.68,34.16
19.66514286,1.27,2.86,#######,4.3,38.46
19.20891892,1.29,2.82,#######,4.24,42.7
20.51086207,1.5,2.8,#######,4.21,46.91
17.40942623,1.32,2.69,#######,4.05,50.96
14.6988,1.15,2.6,#######,3.91,54.86
16.2865,1.04,2.15,#######,3.23,58.1
22.7275,1,2.12,#######,3.18,61.28
30.80365385,1.39,1.88,#######,2.82,64.1
27.68736842,0.85,1.8,#######,2.71,66.81
23.036,0.82,1.77,#######,2.67,69.48
19.97269231,0.84,1.73,#######,2.61,72.09
22.76894737,0.76,1.61,#######,2.41,74.5
18.71884615,0.84,1.53,#######,2.3,76.8
15.74219178,0.65,1.44,#######,2.17,78.97
18.22411765,0.79,1.38,#######,2.07,81.04
20.361875,0.66,1.36,#######,2.04,83.08
22.98714286,0.59,1.25,#######,1.87,84.95
20.568,0.68,1.17,#######,1.77,86.72
20.25794118,0.53,1.11,#######,1.67,88.39
28.00727273,0.55,1.01,#######,1.52,89.91
29.02866667,0.47,0.92,#######,1.38,91.29
,,,,,
Group 35,,,,,
Average similarity: 65.07,,,,,
,,,,,
Species,Av.Abund,Av.Sim, Sim/SD,Contrib%,Cum.%
15.45769231,2.81,6.31,#######,9.7,9.7
26.78859155,2.57,5.15,#######,7.92,17.62
16.3974359,2.11,4.77,#######,7.33,24.95
19.72268293,1.89,4.17,#######,6.41,31.36
8.904761905,1.68,3.55,#######,5.46,36.81
17.40942623,1.56,2.84,#######,4.36,41.17
13.79738095,1.48,2.76,#######,4.25,45.42
9.755306122,1.11,2.65,#######,4.08,49.5
19.52538462,1.24,2.59,#######,3.97,53.47
15.74219178,1.44,2.52,#######,3.87,57.35
19.66514286,0.97,2.44,#######,3.75,61.1
13.7290678,0.96,2.42,#######,3.72,64.82
14.6988,1.01,2.33,#######,3.58,68.4
16.71571429,0.92,2.19,#######,3.37,71.77
17.62533333,0.99,2.05,#######,3.16,74.93
12.66740741,0.9,1.99,#######,3.05,77.98
33.63655172,0.98,1.99,#######,3.05,81.03
16.2865,0.88,1.98,#######,3.04,84.07
21.57529412,0.83,1.96,#######,3.01,87.09
20.8027027,0.76,1.95,#######,2.99,90.08
,,,,,
Group 36,,,,,
Average similarity: 26.14,,,,,
,,,,,
Species,Av.Abund,Av.Sim, Sim/SD,Contrib%,Cum.%
15.45769231,2.33,3.66,#######,14.01,14.01
19.72268293,1.7,2.94,#######,11.24,25.25
26.78859155,1.88,2.67,#######,10.2,35.45
16.3974359,1.64,2.51,#######,9.61,45.06
20.51086207,1.08,2.33,#######,8.93,53.99
21.57529412,0.95,1.71,#######,6.52,60.52
19.6197619,0.75,1.57,#######,6,66.52
19.66514286,0.86,1.46,#######,5.59,72.11
19.20891892,0.99,1.37,#######,5.26,77.36
20.8027027,0.73,1.17,#######,4.48,81.84
17.40942623,0.75,0.95,#######,3.64,85.48
16.2865,0.65,0.67,#######,2.56,88.05
19.05166667,0.54,0.64,#######,2.45,90.5
,,,,,
Group 38,,,,,
Average similarity: 67.64,,,,,
,,,,,
Species,Av.Abund,Av.Sim, Sim/SD,Contrib%,Cum.%
15.45769231,3,7.06,#######,10.43,10.43
19.72268293,2.46,5.57,#######,8.23,18.67
16.3974359,2.26,4.84,#######,7.15,25.82
20.51086207,1.45,3.3,#######,4.88,30.7
21.12214286,1.24,2.91,#######,4.31,35.01
20.8027027,1.31,2.83,#######,4.18,39.19
21.57529412,1.28,2.61,#######,3.85,43.04
19.20891892,1.1,2.55,#######,3.77,46.81
19.66514286,1.11,2.5,#######,3.7,50.5
26.78859155,1.57,2.46,#######,3.64,54.14
17.40942623,1.03,2.39,#######,3.53,57.67
30.80365385,1.03,2.36,#######,3.48,61.16
14.6988,1.05,2.29,#######,3.38,64.54
16.2865,0.85,1.98,#######,2.93,67.46
9.693125,0.94,1.87,#######,2.76,70.23
9.755306122,0.81,1.87,#######,2.76,72.98
19.05166667,0.86,1.84,#######,2.72,75.7
22.55076923,0.89,1.81,#######,2.68,78.38
17.95647059,0.89,1.75,#######,2.59,80.97
15.20823529,0.85,1.74,#######,2.57,83.53
15.74219178,0.72,1.68,#######,2.49,86.02
13.7290678,0.73,1.61,#######,2.38,88.39
15.375625,0.63,1.5,#######,2.22,90.61
,,,,,
Group 39,,,,,
Average similarity: 58.55,,,,,
,,,,,
Species,Av.Abund,Av.Sim, Sim/SD,Contrib%,Cum.%
15.45769231,2.3,4.26,#######,7.28,7.28
37.56363636,1.77,3.76,#######,6.42,13.7
38.5183871,1.74,3.65,#######,6.23,19.93
33.63655172,1.66,3.42,#######,5.85,25.78
19.72268293,1.81,3.16,#######,5.4,31.18
20.51086207,1.26,2.75,#######,4.7,35.89
16.3974359,1.68,2.54,#######,4.33,40.22
21.57529412,0.99,2.05,#######,3.49,43.72
26.78859155,2.14,1.98,#######,3.39,47.1
37.0488,0.89,1.89,#######,3.24,50.34
8.47375,1.43,1.89,#######,3.23,53.57
19.6197619,1.06,1.8,#######,3.07,56.64
30.80365385,0.9,1.73,#######,2.95,59.59
20.361875,0.83,1.71,#######,2.93,62.52
19.20891892,0.87,1.67,#######,2.85,65.37
19.66514286,0.91,1.51,#######,2.58,67.95
15.538,1.13,1.36,#######,2.33,70.28
19.86137931,0.66,1.24,#######,2.12,72.4
20.8027027,0.68,1.19,#######,2.03,74.43
14.6988,0.6,1.08,#######,1.84,76.27
20.84133333,0.65,1.06,#######,1.81,78.08
17.62533333,0.71,1,#######,1.71,79.79
15.20823529,0.58,0.98,#######,1.67,81.47
16.2865,0.57,0.96,#######,1.63,83.1
17.40942623,0.66,0.93,#######,1.59,84.69
17.95647059,0.57,0.84,#######,1.44,86.13
9.755306122,0.4,0.79,#######,1.34,87.47
19.05166667,0.55,0.76,#######,1.3,88.78
9.7,0.53,0.75,#######,1.29,90.07
,,,,,
Group 6,,,,,
Average similarity: 33.15,,,,,
,,,,,
Species,Av.Abund,Av.Sim, Sim/SD,Contrib%,Cum.%
26.78859155,2.6,6.18,#######,18.63,18.63
15.45769231,2.03,3.59,#######,10.83,29.46
19.72268293,1.6,3.57,#######,10.76,40.22
15.74219178,1.71,3.55,#######,10.69,50.92
17.40942623,1.8,2.85,#######,8.61,59.52
9.755306122,1.51,2.32,#######,7,66.53
16.2865,0.9,2.2,#######,6.62,73.15
19.66514286,0.89,2.13,#######,6.43,79.58
13.79738095,1.1,2.1,#######,6.34,85.92
22.55076923,0.87,1.88,#######,5.66,91.58
,,,,,
Group 7,,,,,
Average similarity: 38.02,,,,,
,,,,,
Species,Av.Abund,Av.Sim, Sim/SD,Contrib%,Cum.%
15.45769231,3,9.42,#######,24.77,24.77
19.72268293,2.53,7.42,#######,19.52,44.29
16.3974359,1.91,6.06,#######,15.95,60.24
9.755306122,1.67,5.01,#######,13.19,73.43
15.74219178,1.11,3.89,#######,10.23,83.66
17.62533333,1.1,3.57,#######,9.39,93.05
,,,,,
Group 8,,,,,
Average similarity: 45.50,,,,,
,,,,,
Species,Av.Abund,Av.Sim, Sim/SD,Contrib%, Cum.%
15.45769231,2.94,13.33,#######,29.31,29.31
19.72268293,3.06,12.53,#######,27.54,56.85
8.904761905,2.61,10.66,#######,23.43,80.28
16.3974359,2.24,8.97,#######,19.72,100
